1879630
4534299
1782777
1880140
1982541
1741593
1956440
1744728
5879654
1874192
1963463
1740374
1743196
1830457
7780930
1884970
1978114
8890502
1743710
4531708
1770880
1737491
1884332
1835407
5102628
1880139
4528593
7960566
8086347
1741633
1744593
1740392
1736904
1874211
8015895
1736447
1977003
1840297
1982885
1879252
5880552
1830408
1983170
6097228
1745561
1912372
1883161
4524054
1884370
8292872
7448174
1874204
1983288
1746413
1976163
8078362
1988881
1878939
4532890
1965763
5147245
4532811
1873411
4532357
4532888
1783016
1744180
1882459
1798971
1782627
1744136
7874258
1746856
8186212
5103451
4525562
1979308
1887108
4522933
1978056
1736601
4533431
8253467
1891473
5771350
1737542
1770150
1765017
1766410
1736800
4529566
5114327
5149746
1891494
1797367
1830937
4533360
4531690
1738422
1830410
1789982
1744896
5143147
1858074
4533202
1959735
4525610
4533952
1800032
1840596
4525510
1972185
1875008
1737437
11478679
1841159
1850246
1789267
1743862
1789086
1922937
1789694
5104558
4523522
1838838
1940510
5769072
1884273
1737552
4534540
5126212
5103176
1862578
1978065
1788425
1965825
1973414
1787590
5102982
1792411
1780150
5117400
1877368
1790084
4533671
1747050
5880550
5111574
1957570
4533433
1958024
1967245
5148487
1835156
4534486
1749713
1961068
5146379
1738245
1952014
5880559
4534057
1739337
5118904
1766510
8105817
5147608
1759069
1768341
1890187
1830125
1952229
1840581
4522753
5103066
1990150
4535172
1745634
1768815
1771531
1740185
1763610
1879735
1972234
5103181
1982636
5137582
1822610
1772179
4529908
1803073
1827125
1759667
1743828
1737776
1911112
1776371
4522916
1790072
1830241
1731860
5112155
1801896
1822819
1737524
4534914
1940575
1829785
1983896
1952812
5110200
5146412
4531147
1740174
1798346
1909398
1951649
1740069
4534052
5134682
5768880
1983705
4531687
1771698
5144426
1746876
1804906
1964653
4522886
1787859
1769505
1810099
5148424
1791784
1779435
4532493
1913328
1952130
1965795
4528694
1975546
1744071
1808752
1879970
5144190
1748456
1766741
1796169
1829776
1922343
1796217
1766274
1830152
5149499
4534779
1779641
1962434
1861395
5103185
4531402
1952532
1731598
1839893
1884255
1970284
1965777
1795854
1739819
1732063
1859177
4524426
5880533
1779690
4530138
1792292
1746440
1986166
1957854
1984117
5804895
5104056
4534389
5103948
1965166
1887177
7937573
4536472
1928945
5113078
1967815
1875327
1794590
1875918
1972434
1986522
1878895
1743898
1831643
1982542
5123474
1793877
1746910
1768749
1776330
1745600
1858113
1872368
4534782
5148486
4533136
4530151
1789580
1984734
1744416
1765011
7895336
5884851
1947306
5113234
1849630
1768771
5109523
5126680
1738700
1759668
1740120
1822613
1745737
8016522
1902749
1830191
1983000
7661023
1838911
1838691
1894714
1743532
1951713
1962860
1959383
7438067
1741341
7443518
1983441
5147062
1737775
5143651
1920491
5771982
5769062
5145409
8537359
4528658
4522911
8000103
1830380
1990066
1889287
1769958
5772269
4534533
1741368
5103121
1972250
5117189
4534767
5769028
4533273
1828637
1737526
5772210
8094357
5144534
1760104
1835432
1846111
8397564
1956524
7809779
1790361
1983648
5147208
5882965
1745705
1825971
5148462
1848717
1884465
1796188
5145965
1824113
5145136
4525476
4534408
1860987
1754332
1742185
1965841
1766137
1739797
1830632
5143697
1741056
6221746
5104940
1761111
1835457
5145009
1851220
7681733
8407461
1975793
1896841
1766210
5141493
1841296
1982838
1848690
4532022
1801051
8160782
5118892
1828162
1966886
5105339
1773163
1963306
1784826
1940807
8262357
5104442
1790002
4302252
1747141
1746832
1959395
1769057
1821911
1846112
1783043
1831002
1740482
1770307
1812394
1742142
5143129
4532500
1982500
1860768
1977068
1822796
1963446
5148286
1931779
4532886
1984954
1878879
1786902
1830271
1739980
1872315
1899433
4529931
1987744
1785286
1876623
5104891
1798916
1797479
1876329
1766128
1929659
1964195
5143048
7767114
7940536
9101339
1887290
5131910
1776862
8313553
1857828
5771259
1739381
4535827
4524072
5144543
4532095
1969954
9174377
1925221
1854849
1959919
1759620
1962990
1992504
5107644
5146961
5113036
1930110
1894268
4525777
5772180
5771243
4531145
1859285
10113008
4523880
1878862
1982671
8691947
4536483
1882557
6097236
4523564
1771678
1858698
5149438
5143675
1840483
1798807
1957845
4299535
1986220
4533128
4533285
1799708
1796678
5104641
4531284
1780378
5147827
10580256
4525540
1736377
1782927
1833626
1978821
1771509
1836899
1761041
1848596
1877988
1983260
1947335
1957816
1975733
5122037
4534290
7955974
1830843
1933138
1962265
1912325
8581601
1957852
1894840
1799132
1782615
4525530
5772196
1986052
5771227
6544687
1825077
1975571
1744739
1746613
9100030
1989428
1778596
1869478
1920712
4524393
1789785
4524636
1888826
1972449
1902533
1862580
1769566
5772205
10638451
4525078
1767597
1852177
1870250
1785895
1826022
5772351
5772199
1841261
1799799
4528539
1978776
5112291
1970213
5123461
1792383
4534686
1830122
1963011
1743775
1876854
5770913
1926324
1856668
1825176
4534872
1982746
4532405
1796117
1879731
5143947
4534458
5880545
1745558
1952806
1831168
10982815
5141677
1746775
1933793
1823726
1769897
1777253
1769103
5769068
1768702
1740183
4532239
1771634
1854792
5132183
4533444
7752082
1732452
1940838
1797258
4532297
5144677
11418741
1745724
1925962
1940644
1898544
1966017
1799701
8532380
5138543
5147193
1759153
1762244
4524740
1856867
4534485
1749948
5149665
1766131
7738295
1979473
1932411
1782726
8858121
5146559
1800004
5771232
1825983
5144721
1991371
1769519
7768674
4534463
1967011
1750143
5110644
1850522
1983755
5145260
1771650
1925454
1860979
7541913
1986452
1798408
1966351
1858637
1830407
1926861
5143380
1967597
1848669
1979781
8049830
1929270
1861862
1962516
1975553
1798931
1822346
5102951
1788522
1792426
1772940
1744782
11992983
4532544
1956599
4533446
1829533
5147039
5110885
4534719
4533347
1877941
1964637
1941377
1739833
1986575
1879765
1990551
1968867
1884403
1795946
1958323
1759055
1851555
1965913
1871252
1745925
8176911
1920494
1745676
4524221
7869346
1796145
5123221
1776619
1870202
1986056
1986157
12253343
4534909
1825156
1738883
7646066
10844862
1965996
4534538
1926260
1884212
1979430
1745830
1919712
1879452
5107219
1975903
1973467
1789745
5148436
1779334
1772169
5124233
12089608
1939688
1873048
5113084
5146611
8138711
1798449
5122206
1822587
1850538
8361848
5772202
1854237
1864161
1798594
1802280
1741752
4522891
1924494
1745643
1988593
9674732
1758878
1978977
4524376
1849267
5126834
1972120
1739377
1981696
1775891
1890576
8273661
1788917
1962268
1745678
4534046
5148248
5772172
5137706
1825539
8168644
1848356
1840301
1964657
1783037
5118996
4532122
1983442
6097235
1739284
5109821
1929697
1762608
8109173
5142870
1744810
1851347
1759079
5147834
1738839
5110213
5139156
5149839
1820372
4528818
1940768
1797178
1954563
1962636
4531517
5714973
1985522
7389824
1860408
1798372
1949784
5771239
1986367
7596232
1813114
1743867
1861031
1939879
1782560
1857878
1760246
4530002
8244266
5114198
8007222
7728366
1846236
5124911
1799135
8237987
4524403
1789730
1952062
1861797
1759661
1890772
1991179
8345820
1743768
1772956
12135372
1857856
5119143
1778074
1760887
1875631
1983525
1959914
1748890
4534207
1962204
5141501
1765767
1911168
1736898
1870988
8271010
1925918
1933095
7674502
4535817
5116416
7964262
1825064
1847407
4302268
5146342
1830802
1925233
7854318
1770477
4525364
5138681
1744789
1795215
1840345
8314088
5103998
4531506
4524951
1850781
1852956
1860983
1911278
1873776
5145186
1787770
1890534
5124007
1888759
1798974
7466487
1791422
4524638
5147638
1771772
1880064
1835396
5112283
1845962
1749070
1876542
5112254
1733484
1784812
1792377
5104759
5880563
5146659
4534166
1751457
1971888
1759083
5104882
5147150
1789849
1740005
1846133
1922311
1864377
7877231
1798984
1975341
11962292
1871698
1736906
8201251
1982529
7712938
1905383
5146496
5101678
1768729
7761138
1749744
5135191
1771204
5125689
5124143
8869900
1978375
1782763
1740567
1819145
1960617
1838811
1911461
1746644
5880258
1797276
1732565
4523560
1832853
1846604
1875827
4524421
4532471
1957266
1978445
1745579
1746689
1967873
8325294
1744588
1857577
4528692
1767625
1790625
7903078
1744731
5714680
1742263
1770772
1972187
1877341
1760593
1876409
1939677
1859471
5115874
1883386
1795930
4529064
1746666
1851203
1789076
1971858
1920851
1869489
7981386
5109498
1792418
1787610
1740053
7762841
1796007
1850506
1822830
1992066
1743856
5771249
1735532
1845368
1789695
1745816
5147354
1739922
8223165
11287091
1773309
1751368
1987527
4529186
1792414
1751051
1875120
1975897
1988684
1882437
1737342
5110871
1759597
1882729
1983997
7976145
1741667
1848636
1860688
1873079
4523725
5770942
8133678
1785888
1768117
5772178
1738337
4532516
4525557
1857626
1761438
1920506
5137903
5147681
1852430
5769164
4524890
4525505
1880104
7958169
1738777
8270406
1859480
5121613
1864358
1848219
4535636
1983548
1840555
1830838
1788635
1743714
1889942
1736412
1738687
1839296
4534245
1772793
7753668
5772176
1860659
7725644
1847572
1732685
1841813
1767655
1761735
5147478
1847956
1835031
1789755
1858775
1961040
4523883
1792061
1867820
1888733
1771040
7734292
1887173
1850106
8421569
1898286
1858778
1888743
5120396
1737847
4532534
5115777
1891326
1940744
1983052
5715004
5112345
1987578
8356768
1939432
1760857
1790816
5772890
1771385
1983387
1857863
1874743
1952449
5144805
1840360
10963226
1993419
5771357
1736905
1871826
1746027
6097214
1744808
1737368
5123922
1736727
1879703
1951557
8140883
1988602
1850238
9400895
1945569
1745630
1831009
1984942
1870249
4529630
5771256
1736528
1949794
4532160
1826033
1740518
1783855
5112336
1931179
11571523
1891493
1886587
1771214
5770922
1851010
1920218
5140436
11080751
1745636
5135513
1986171
1804071
1969291
1983999
1732662
1768150
9734171
1831136
1785185
1784359
4527903
5102931
1976993
1832915
1749975
1770869
7921916
5110670
1730978
1856701
1957572
1829322
1838969
7633472
4531158
5130587
1881834
8215326
1850279
4523885
1837172
5772446
1765044
1759673
1784853
1737650
9092175
1932960
1846219
4534398
1871407
5149768
7798382
4531242
1977007
1751216
1934693
1856005
4534762
4532412
1869803
4532532
5119245
1862837
1739931
1846916
5146677
1830879
1982525
1983558
4535614
5108761
1747738
4535632
7410701
5115771
5103736
1859046
1829823
1744498
4530424
1845270
11093909
1941437
8158342
5116475
5769191
1734453
5149659
1965208
1887701
5109599
4522919
1787064
1825083
1786936
1848864
8424972
1764531
1819268
1850042
1880094
1737497
1940639
1846141
5128357
8369868
1846149
1745771
1848713
5143944
8426357
1781694
5101745
1749929
1739272
1744763
1740305
1875865
1830131
8810143
1864652
4532696
1849104
4525354
1957300
1984949
7972792
1738514
5772309
1741340
5119893
1827645
1782948
5772063
5149315
1872901
1740570
1859305
6097225
5137612
1856384
1749449
4525369
1856772
1835393
4525068
4525500
1846657
8225376
1739461
1739999
8329661
1857829
1819873
1766646
4533661
4524822
1852751
8823068
1860664
1830262
1737753
1849284
4525547
1956710
5883985
5107829
1744742
10450501
1846729
10807169
1860711
4534257
4535809
1879534
1739919
1731837
1830147
1830207
1789783
1792335
1849924
1877310
1814630
5101394
1940717
4530632
1830243
4532097
4529915
1778127
1744224
1840478
8856895
5771230
4532088
1749908
10904813
1750076
1858873
1837343
1737893
1738317
1838905
1964191
7588222
5113847
1848150
1743588
1832927
7446048
9530977
1839293
5104797
1891426
5103502
1842485
5146883
1735855
5126052
1748321
1928248
1924097
1849273
4525189
1920259
7851302
1840371
1741551
1782672
1890703
1846715
1749936
7717983
5149704
1738222
1860621
1749596
1740623
5126217
5769272
1820039
1860063
1739042
1849294
9262981
5104927
5148247
5146837
1829363
4531713
1852150
1736484
5123394
1848273
1739748
1773328
1850076
1792449
1891386
1751298
1759686
4532508
1913175
1918868
8741260
1830962
8420632
1886320
7993353
1880040
1796463
1848730
5771236
1938810
4535904
8742426
5146946
1742402
4523556
6121184
1740533
5884571
1854202
5772349
1856768
1859100
8277078
1850394
1741765
8203812
1808450
1829588
1772013
1764987
4535307
1766418
4532408
1850386
1829974
1744860
5105088
1787504
5117399
8708745
1794102
1821856
4533115
1861644
5772206
9812211
4299597
1841158
1732416
8073674
1830374
1751299
5119808
1850533
1858163
5120465
7622059
1878586
1789753
1859488
1744714
1738429
7428726
4525425
4525487
5105106
8015612
4299599
1940158
1796139
5130682
1860628
1738794
1835456
1870450
1859952
1856730
1884280
1848714
5146510
1849477
7791190
9242559
1734704
4527342
1794361
1759407
1736511
1742346
1895875
1860668
1738163
1778517
1968678
1744542
1850335
1743604
1853723
1778143
5134098
1873783
7791558
1854287
1982406
1842196
1749608
1882210
1869512
4535510
9790007
4534011
1740116
4531246
7975250
1848920
1881151
5149474
1972342
1798802
1875869
1850450
5149836
1749869
5104772
1972278
1848868
7624468
4528813
1741634
1736945
1751236
5119513
1737924
1970227
5976947
1879655
1857924
1795957
1735844
4525420
1983888
1745659
1848753
4534038
1793986
4533442
1783045
1840570
1939658
9359597
4299368
5116698
1949852
1887178
5771241
5122113
1837464
1846107
1744748
1848202
1982791
7769543
1856289
1744693
1849897
1830266
5126675
1851000
1789553
5122293
4522322
1833159
4530214
1873780
1890522
5109722
4532293
7656811
1736425
1749635
1745788
1771391
1845965
1745787
1743475
5102287
1739290
1923796
1856620
1751207
5138561
8162538
1787697
4532050
4533714
1840485
1848426
1875952
1750159
5143477
1980521
1850045
8394261
1840380
1851337
1875633
8026858
1835433
4525177
5105158
1787751
1892242
1736560
1798504
1745762
1733258
1880143
1837429
1749164
4535884
4525884
1737783
1858762
1854347
1745725
1859534
4525266
5143453
1950006
1739605
1841821
5880257
1789481
1749846
1739449
1830584
1751290
1878907
4525448
5120668
1857978
1748203
5121040
1790160
4531975
1745079
1736565
9473121
10055273
4525859
5134469
1738722
1748805
1750288
5123582
5137595
1743613
5122439
1858531
1850302
5121046
5134667
1739043
8756768
1957718
1837515
1845565
1920496
1832819
1913351
11576787
1972377
5105054
4525503
1840408
5117200
1880138
1734826
1842542
1750051
8237343
1839851
1749954
5121737
1983922
1790692
1743643
1741545
1830144
1856691
1731826
1743641
1881603
1737533
1856658
7797515
11052757
1852311
5880147
1744777
4529032
1886084
7961640
1830186
4525443
1833096
11598540
1830361
1850008
1782841
7642240
1961190
8200050
1841675
1832862
1831780
1842690
1760891
1841616
10922411
1738050
1837420
1830537
1789840
1846210
1849856
1878490
12318291
1749661
5128323
5134815
1741756
1884312
5121177
4532253
5121517
1792475
1860671
1874375
1850971
5149820
6097234
4530406
1829799
1744901
1739451
8043500
1860852
5121244
1781008
1922584
5148394
1846159
4531968
5109614
4299576
1959467
1786007
7429212
1851011
1742106
10787705
1822787
8047343
1939680
1959682
1790062
1745131
1938520
4526050
9135821
1741615
1848610
1840621
1744709
5771258
4532057
1853587
1749050
1750097
1739816
1743453
1869852
4524793
1860709
1832936
5109506
1871160
4522795
1902169
4527972
1744699
1875940
5146762
1890699
7799370
1889833
5104781
1749921
1741253
1860076
5120767
1741147
1749959
1862719
5772129
1831752
1852978
5120675
1986191
5880512
1765954
5772186
1964471
1748942
9782192
1912470
7778368
5147171
4534225
1831128
5769709
1853079
8361973
1820406
5137695
4522922
10915497
5144900
1738322
4526048
1840346
1761865
8348761
1886579
1853064
1746174
5148475
5123042
1888579
5123339
6097224
1880062
1771245
1982592
8273859
4534525
5147038
5107128
1766814
1840566
1983111
4527339
7634721
4529900
5104829
1743730
1882905
1856686
1882158
8393082
8298764
1878470
1866568
7934873
1856595
8219149
1787267
8388883
1938214
1965345
1913178
1842695
1949938
7988195
6097233
1891059
4524070
1850077
11728049
1830498
1943397
1807969
10068024
5147232
9724183
8208583
1787841
1940504
1763072
1869976
1847097
1890656
1971986
1957632
5149414
4531264
1967273
1782727
1803012
7875265
1939717
1878782
1739128
5145870
8632989
1792379
4536292
5104903
1780926
10312073
1787112
4528100
4529248
1845866
7624494
1745756
5109661
1766130
1795282
9414984
5124029
1787400
1830372
5145269
1848657
1774285
4525273
1790364
5137636
1741590
4527957
1965810
